[
    {
        "name": "Level 1",
        "size": [7, 7],
        "board": [
            [1, 0, 0, 0, 0, 0, 2],
            [0, 0, 0, 0, 0, 0, 0],
            [0, 0, 0, 0, 0, 0, 0],
            [0, 0, 0, 0, 0, 0, 0],
            [0, 0, 0, 0, 0, 0, 0],
            [0, 0, 0, 0, 0, 0, 0],
            [2, 0, 0, 0, 0, 0, 1]
        ]
    },
    {
        "name": "Level 2",
        "size": [7, 7],
        "board": [
            [1, 0, 0, 0, 0, 0, 2],
            [0, 0, 0, 0, 0, 0, 0],
            [0, 0, 9, 0, 9, 0, 0],
            [0, 0, 0, 0, 0, 0, 0],
            [0, 0, 9, 0, 9, 0, 0],
            [0, 0, 0, 0, 0, 0, 0],
            [2, 0, 0, 0, 0, 0, 1]
        ]
    },
    {
        "name": "Level 3",
        "size": [7, 7],
        "board": [
            [1, 0, 0, 0, 0, 0, 2],
            [0, 0, 0, 0, 0, 0, 0],
            [0, 0, 0, 9, 0, 0, 0],
            [0, 0, 9, 0, 9, 0, 0],
            [0, 0, 0, 9, 0, 0, 0],
            [0, 0, 0, 0, 0, 0, 0],
            [2, 0, 0, 0, 0, 0, 1]
        ]
    },
    {
        "name": "Level 4",
        "size": [7, 7],
        "board": [
            [1, 0, 0, 9, 0, 0, 2],
            [0, 0, 0, 9, 0, 0, 0],
            [9, 9, 0, 0, 0, 9, 9],
            [0, 0, 0, 0, 0, 0, 0],
            [9, 9, 0, 0, 0, 9, 9],
            [0, 0, 0, 9, 0, 0, 0],
            [2, 0, 0, 9, 0, 0, 1]
        ]
    }
]